1.0 0.476475819085 13.2066358
2.0 0.55790248258 13.5065776
5.0 0.735554398201 12.085466
10.0 0.919593560753 12.1892344
15.0 1.05452296166 11.9579418
20.0 1.15882828242 12.3785762
25.0 1.24154080784 12.3554912
30.0 1.31039747086 12.1443554
35.0 1.36583730541 12.3603692
40.0 1.41479533093 12.718552
90.0 1.69589969383 13.108186
140.0 1.87043434872 13.1081876
190.0 1.99977034734 13.1081876
240.0 2.10071102602 13.1081876
290.0 2.18258832052 13.1081876
340.0 2.25168969893 13.1081876
390.0 2.31090120522 13.1081876
440.0 2.3630242621 13.1081876
490.0 2.4095958671 13.1081876
540.0 2.45151210575 13.1081876
590.0 2.48197391854 13.1081876
