1.0 0.474917214856 0.3637906
2.0 0.555265954981 0.365042
5.0 0.73146574332 0.3737794
10.0 0.915038867266 0.367314
15.0 1.04966356631 0.3655502
20.0 1.15379714477 0.3682628
25.0 1.23639382994 0.3678844
30.0 1.3052916606 0.3631254
35.0 1.36067104197 0.3662938
40.0 1.40952316207 0.3713046
90.0 1.68948148928 0.3744892
140.0 1.86371884832 0.3744892
190.0 1.99306253794 0.3744892
240.0 2.09406283973 0.3744892
290.0 2.17592317049 0.3744892
340.0 2.24500690401 0.3744892
390.0 2.30422737946 0.3744892
440.0 2.35634973777 0.3744892
490.0 2.4029406607 0.3744892
540.0 2.44487343315 0.3744892
590.0 2.47573507285 0.3744892
