1.0 0.474789416747 0.3619672
2.0 0.553325534666 0.365099
5.0 0.719324739365 0.3839588
10.0 0.914234479976 0.3666676
15.0 1.04717567332 0.3604196
20.0 1.14799913387 0.3567564
25.0 1.22325575877 0.3598288
30.0 1.2879155897 0.3607292
35.0 1.3449436269 0.3635828
40.0 1.38965910976 0.3638724
90.0 1.70129356241 0.3704886
140.0 1.85669222085 0.3702238
190.0 1.98336773055 0.3702238
240.0 2.08341276676 0.3702238
290.0 2.1648468643 0.3702238
340.0 2.2338754625 0.3702238
390.0 2.29290356393 0.3702238
440.0 2.34486252369 0.3702238
490.0 2.39141696953 0.3702238
540.0 2.43319803864 0.3702238
590.0 2.46704934939 0.3702238
