1.0 0.476018281824 13.3061682
2.0 0.555441600212 13.3479278
5.0 0.722419963355 14.745074
10.0 0.917881318842 13.4269774
15.0 1.05147925147 12.9439956
20.0 1.15261255568 12.6245652
25.0 1.22817394808 12.8139076
30.0 1.292730496 12.914582
35.0 1.34995693963 13.2603852
40.0 1.39489849053 13.2502004
90.0 1.7071267054 13.8586248
140.0 1.86312421123 13.8315014
190.0 1.99011671423 13.8315014
240.0 2.09023586607 13.8315014
290.0 2.17173877457 13.8315014
340.0 2.24086105544 13.8315014
390.0 2.29990781908 13.8315014
440.0 2.35188838959 13.8315014
490.0 2.39848330637 13.8315014
540.0 2.44027075681 13.8315014
590.0 2.47406416953 13.8315014
